divider = 400
701.16  928.56  7779    272.66
704.09  913.53  9977    353.54
742.52  983.42  11305   419.29
705.93  939.04  9040    321.01
681.12  953.77  17987   612.93
divider = 500
685.77  831.1   6470    223.99
682.95  934.49  10943   373.55
724.52  842.81  18458   672.47
709.29  906.41  9218    334.65
708.63  1001.82 6677    231.79
divider = 600 - avg: 887
725.26  838.28  5461    199.82
704.16  911.54  10930   391.38
722.43  804.86  6275    262.82
659.79  846.54  6679    218.7
673.79  981.61  6938    228.41
732.97  943.33  7504    275.9
732.49  887.31  7969    293.36
divider = 700 - avg: 895
735.48  869.02  5543    204.99
729.5   801.79  19121   697.44
731.21  977.94  7721    285.52
700.72  1010.41 15440   538.73
669.12  820.63  6674    223.08
divider = 800 - 950
766.42  946.99  17225   658.14
719.68  930.42  19851   714.44
663.52  869.04  9587    323.37
693.23  1062.77 6811    232.72
680.92  942.53  15101   514.51
divider = 900 - 934
682.25  1041.6  19336   659.66
680.14  834.25  11794   400.43
681.58  917.7   5841    198.41
667.18  905.05  6641    226.02
671.63  974.85  19602   658.07
divider = 1000
677.49  1089.51 5781    195.92
687.74  927.81  19625   675.18
689.26  958.21  8772    304.09
681.88  950.68  11899   409.71
679.98  986.34  19723   670.71
divider = 1100
797.7   954.92  8288    377.38
747.48  964.29  7924    310.92
727.94  1046.22 7069    256.86
710.46  809.72  7039    255.2
716.26  951.7   8238    296.29
divider = 1200
721.88  980.72  5747    210.04
739.57  935.77  5789    215.63
719.67  982.91  4526    162.24
708.4   852.96  8779    316.13
685.15  903.66  4947    178.47
divider = 1300
656.62  827.21  10727   352.2
653.13  886.25  16299   532.25
654.32  973.63  6825    223.43
657.73  846.28  9229    306.17
655.8   941.59  15498   508.64
divider = 1400
645.42  873.5   7528    247.25
654.8   941.7   5474    182.32
655.08  957.17  4044    132.86
655.16  933.72  5520    182.02
647.89  959.07  19367   628.01
divider = 1500
654.63  901.02  6052    198.23
706.5   827.99  6109    209.75
715.27  970.85  12774   456.46
702.66  973.41  6298    223.15
717.54  912.72  9019    324.91
divider = 1600
715.54  961.53  8976    321.97
669.04  968.92  8416    284.68
665.43  978.76  5236    176.76
680.96  915.55  16156   549.31
659.35  854.72  6188    207.32
divider = 1700
664.29  981.96  7588    251.77
672.17  990.23  18801   631.64
655.99  840.04  7619    251.57
671.08  1169.58 8314    279.74
672.69  904.53  9600    323.86
divider = 1800
674.08  842.15  7350    249.18
671.35  833.8   11280   379.28
677.71  900.33  9353    316.02
668.17  874.34  15966   533.33
671.98  1097.1  10106   339.83
divider = 1900
673.49  868.23  11992   403.0
677.26  877.45  18316   619.77
671.89  902.03  7130    240.69
677.66  894.42  11444   388.86
669.79  972.33  9337    314.2
divider = 2000
676.53  924.46  11102   377.5
681.55  900.2   17207   588.19
669.82  992.67  5314    179.23
679.61  854.17  7400    251.52
677.94  967.9   7705    264.03