ageMax = 5
334.02  1822.18 1423    102.23  16961   227085
340.67  1724.97 1449    109.15  16999   226373

ageMax = 15
315.83  883.78  4231    297.07  1391    227969
317.25  853.4   3461    242.98  1325    229621
321.96  829.43  3072    220.39  1320    229123
316.78  809.72  4425    311.54  1218    229772
316.84  838.35  2982    209.35  1266    229713
ageMax = 20
317.51  789.39  3381    238.68  627     229016
321.04  865.41  4495    320.77  671     228813
319.06  835.16  4456    315.97  583     230337
316.59  842.54  4495    316.22  621     229444
325.96  839.56  4350    315.25  558     232593
ageMax = 25
335.46  840.59  3061    218.17  265     230320
361.9   837.97  2741    219.31  305     230430
363.75  861.38  3704    299.04  324     228943
362.73  865.67  3900    313.43  319     229976
363.69  849.71  3790    305.66  330     229144
ageMax = 30
361.67  872.08  4135    331.23  164     228716
364.41  859.8   3815    308.19  180     228673
364.72  841.43  4343    351.41  161     230117
363.33  850.25  4287    346.01  160     229825
371.08  812.28  4121    340.62  157     229945
ageMax = 35
361.11  830.89  4375    351.23  116     228471
364.07  863.29  3772    305.49  87      230090
363.81  859.07  4230    341.41  103     229076
365.92  862.37  4080    332.92  79      231506
359.79  850.26  2925    233.58  93      229493
ageMax = 40
359.34  813.87  2942    233.25  52      230505
362.15  826.22  4091    329.03  44      228718
365.93  847.02  4437    360.82  53      231535
359.78  860.38  3401    271.49  44      230451
369.0   826.29  4332    354.89  48      229120
ageMax = 45
362.89  815.35  3903    314.95  31      230093
364.08  825.25  4135    334.37  28      229182
359.04  858.64  4153    331.35  10      235554
363.87  809.46  3521    283.78  38      228565
363.88  819.62  3465    280.02  24      232376

IMMORTAL
356.11  791.69  4495    355.78  0       229674
356.27  862.98  4005    317.18  0       232048
357.57  848.83  3599    286.84  0       230092
355.76  839.19  2996    241.51  0       231249